bass_enable=true
bass_maxgain=8
compander_enable=false
compander_granularity=0
compander_response=95.0;200.0;400.0;800.0;1600.0;3400.0;7500.0;0;0;0;0;0;0;0
compander_time_freq_transforms=0
compander_timeconstant=0.00000
compression_aggressiveness=800
compression_enable=false
compression_maxatk=30
compression_maxrel=200
convolver_enable=false
convolver_file=/home/zany130/.config/jamesdsp/irs/Church.wav
convolver_optimization_mode=0
convolver_waveform_edit=-80;-100;0;0;0;0
crossfeed_bs2b_fcut=700
crossfeed_bs2b_feed=60
crossfeed_enable=true
crossfeed_mode=5
ddc_enable=false
ddc_file=/home/zany130/.config/jamesdsp/vdc/mh750.vdc
graphiceq_enable=true
graphiceq_param=GraphicEQ: 20 -0.2; 21 -0.2; 22 -0.2; 23 -0.2; 24 -0.2; 26 -0.2; 27 -0.2; 29 -0.2; 30 -0.2; 32 -0.3; 34 -0.6; 36 -0.9; 38 -1.2; 40 -1.5; 43 -1.9; 45 -2.2; 48 -2.5; 50 -2.7; 53 -3; 56 -3.3; 59 -3.5; 63 -3.9; 66 -4.3; 70 -4.7; 74 -5.2; 78 -5.6; 83 -6.2; 87 -6.6; 92 -7.2; 97 -7.7; 103 -8.2; 109 -8.6; 115 -8.9; 121 -9; 128 -9.2; 136 -9.7; 143 -10; 151 -10.2; 160 -10.5; 169 -10.6; 178 -10.7; 188 -10.8; 199 -10.7; 210 -10.5; 222 -10.2; 235 -9.9; 248 -9.7; 262 -9.1; 277 -8.7; 292 -8.3; 309 -7.9; 326 -7.5; 345 -7; 364 -6.6; 385 -6.2; 406 -5.9; 429 -5.5; 453 -5.2; 479 -4.8; 506 -4.5; 534 -4.2; 565 -3.9; 596 -3.6; 630 -3.3; 665 -3.2; 703 -3.4; 743 -3.4; 784 -3.4; 829 -3.4; 875 -3.4; 924 -3.4; 977 -3.3; 1032 -3.3; 1090 -3.3; 1151 -3.3; 1216 -3.3; 1284 -3.5; 1357 -4; 1433 -4.5; 1514 -4.9; 1599 -5.8; 1689 -6.6; 1784 -6.5; 1885 -6.5; 1991 -6.9; 2103 -6.9; 2221 -6.4; 2347 -6.1; 2479 -6.2; 2618 -6.4; 2766 -6.5; 2921 -6.5; 3086 -6.3; 3260 -5.8; 3443 -4.6; 3637 -3.1; 3842 -1.7; 4058 -0.6; 4287 -1.4; 4528 -2.9; 4783 -4.3; 5052 -5.8; 5337 -7.1; 5637 -7.1; 5955 -6.6; 6290 -6.7; 6644 -7.5; 7018 -9; 7414 -10.3; 7831 -11.5; 8272 -12.6; 8738 -13.2; 9230 -13.3; 9749 -13.2; 10298 -13.5; 10878 -13.8; 11490 -14.2; 12137 -14.5; 12821 -14.8; 13543 -15; 14305 -15.2; 15110 -15.3; 15961 -15.4; 16860 -15.5; 17809 -15.5; 18812 -15.5; 19871 -15.5
liveprog_enable=false
liveprog_file=/home/zany130/.config/jamesdsp/liveprog/swapChannels.eel
master_enable=true
master_limrelease=60
master_limthreshold=0
master_postgain=0
reverb_bassboost=0.25000
reverb_decay=2.08000
reverb_delay=0.00000
reverb_enable=false
reverb_finaldry=-7.00000
reverb_finalwet=-9.00000
reverb_lfo_spin=0.70000
reverb_lfo_wander=0.30000
reverb_lpf_bass=600
reverb_lpf_damp=9000
reverb_lpf_input=18000
reverb_lpf_output=17000
reverb_osf=1
reverb_reflection_amount=0.30000
reverb_reflection_factor=1.00000
reverb_reflection_width=0.70000
reverb_wet=-8.00000
reverb_width=1.00000
stereowide_enable=false
stereowide_level=60
tone_enable=false
tone_eq=25.0;40.0;63.0;100.0;160.0;250.0;400.0;630.0;1000.0;1600.0;2500.0;4000.0;6300.0;10000.0;16000.0;10;8.8;8.5;6.5;2.5;1.5;0;0;0;0;0;0;0;0;0
tone_filtertype=0
tone_interpolation=0
tube_enable=false
tube_pregain=200
